a1, a2, a3
0.002502441, -0.03570557, 0.9682007
0.006164551, -0.03601074, 0.9666748
0.00604248, -0.03448486, 0.9658813
0.00604248, -0.03582764, 0.967041
0.0078125, -0.03515625, 0.9664307
0.004516602, -0.03460693, 0.96698
0.005615234, -0.0345459, 0.9688721
0.004455566, -0.03631592, 0.9707642
0.006469727, -0.03521729, 0.9695435
0.006530762, -0.03344727, 0.9663696
0.005126953, -0.03509521, 0.9667358
0.004577637, -0.03515625, 0.9706421
0.006103516, -0.03570557, 0.9713135
0.005554199, -0.0333252, 0.9646606
0.00769043, -0.03546143, 0.9668579
-0.02166748, -0.02276611, 0.9175415
0.007141113, -0.01879883, 0.9430542
0.02246094, -0.05792236, 0.9725342
0.02093506, -0.03875732, 0.9707031
0.00970459, -0.03729248, 0.9651489
0.00592041, -0.03027344, 0.9650269
0.007568359, -0.03314209, 0.9688721
0.005310059, -0.03143311, 0.96698
0.05291748, -0.0390625, 0.965271
0.1028442, -0.007324219, 0.9645386
-0.08282471, -0.06237793, 0.9719849
-0.03076172, -0.03869629, 0.9712524
0.02783203, -0.04351807, 0.9676514
0.02532959, -0.04382324, 0.9710083
0.02368164, -0.04376221, 0.9697876
0.02276611, -0.04449463, 0.9676514
0.01660156, -0.04205322, 0.9700317
0.0222168, -0.04229736, 0.9698486
-0.00213623, -0.03723145, 0.973938
-0.07806396, -0.01849365, 0.963562
-0.144104, -0.04394531, 0.9624023
-0.04602051, -0.01281738, 0.9666748
0.1069336, -0.03112793, 0.9807129
0.1560669, -0.0401001, 0.9713745
0.07550049, -0.04101563, 0.9720459
0.001647949, -0.0300293, 0.96521
0.002807617, -0.03155518, 0.96875
0.006530762, -0.03173828, 0.9677734
0.01147461, -0.03363037, 0.9702148
0.08483887, -0.03552246, 0.9858398
0.2507935, -0.01031494, 0.9723511
0.123291, -0.07867432, 0.9686279
-0.1034546, -0.0458374, 0.9628906
-0.1450195, -0.05493164, 0.9660034
-0.08056641, -0.03491211, 0.9684448
0.03204346, -0.04431152, 0.9694824
0.02435303, -0.05145264, 0.9720459
0.01269531, -0.05072021, 0.9596558
0.0008544922, -0.02905273, 0.9665527
0.00390625, -0.03210449, 0.9688721
0.002929688, -0.03186035, 0.9662476
-0.03039551, -0.02563477, 0.968811
-0.2276001, -0.03875732, 0.9639282
-0.1415405, -0.04925537, 0.9487915
0.1601563, -0.04663086, 0.9817505
0.2385254, -0.02624512, 0.9758911
0.1236572, -0.001037598, 0.9694214
-0.01605225, -0.02642822, 0.9596558
-0.01245117, -0.02783203, 0.9668579
-0.009338379, -0.02539063, 0.9669189
-0.01159668, -0.03137207, 0.9634399
0.0009765625, -0.02825928, 0.9669189
-0.0001220703, -0.02978516, 0.9715576
-0.002563477, -0.03106689, 0.9700928
-0.002624512, -0.02954102, 0.9678955
-0.005004883, -0.03015137, 0.9696655
-0.005432129, -0.02966309, 0.9682617
-0.007568359, -0.02954102, 0.9671631
-0.004272461, -0.02734375, 0.9660645
-0.006286621, -0.02868652, 0.9655151
6.103516e-05, -0.0300293, 0.9633789
0.07952881, -0.04528809, 0.9828491
0.1021118, -0.03564453, 0.9740601
0.02911377, -0.0123291, 0.9529419
0.02038574, -0.03222656, 0.9596558
-0.08837891, 0.008850098, 0.9616089
-0.1448364, 0.007873535, 0.9633179
0.01263428, -0.03051758, 0.9959106
6.103516e-05, -0.02587891, 0.9706421
-0.0008544922, -0.02789307, 0.9689331
-0.001953125, -0.02471924, 0.9666748
-0.0133667, -0.02886963, 0.9658203
-0.04168701, -0.01855469, 0.9711304
-0.1332397, 0.005126953, 0.961853
-0.09924316, -0.0491333, 0.963623
0.01483154, -0.04162598, 0.9752808
0.04943848, -0.02661133, 0.9656372
0.1107788, -0.03430176, 0.9755859
0.1325684, -0.03125, 0.9719849
-0.01135254, -0.02612305, 0.965271
-0.008056641, -0.02807617, 0.9680176
-0.01367188, -0.02398682, 0.9654541
-0.008117676, -0.02642822, 0.9685669
-0.008911133, -0.02392578, 0.9664917
-0.006713867, -0.02435303, 0.9677734
-0.003417969, -0.02398682, 0.9684448
0.06811523, -0.00402832, 0.9688721
0.02282715, -0.05010986, 0.9645996
0.01312256, 0.01165771, 0.9658813
-0.1691895, -0.03814697, 0.9641724
0.02355957, -0.01745605, 0.9683228
0.04748535, -0.03259277, 0.9694824
-0.003112793, -0.02386475, 0.963501
-0.001953125, -0.02648926, 0.9685669
0.02252197, -0.003417969, 0.9741821
-0.01409912, -0.01837158, 0.9661255
-0.005859375, -0.0256958, 0.9669189
-0.02026367, -0.02374268, 0.9577026
0.0005493164, -0.01348877, 0.9714966
-0.01605225, -0.0513916, 0.9241333
0.05633545, -0.1106567, 1.139832
-0.01849365, -0.01635742, 1.149536
-0.1061401, -0.03112793, 0.793396
-0.06268311, -0.152832, 0.8743286
-0.08154297, -0.05596924, 0.8331909
-0.03198242, -0.1063843, 0.7339478
-0.03509521, -0.1657715, 0.5886841
0.08276367, 0.08465576, 1.385071
0.4290161, -0.1862183, 1.994568
0.09777832, 0.09674072, 1.327515
-0.01367188, -0.07067871, 0.4663696
-0.07818604, -0.09161377, 0.03277588
0.04833984, 0.1235352, 1.190979
0.1242065, 0.03735352, 1.791809
0.07702637, 0.1033936, 1.504089
0.00201416, 0.1107178, 0.8099976
-0.01165771, -0.2576294, -0.034729
0.03826904, -0.03765869, 0.3857422
-0.04858398, 0.004943848, 1.401611
0.232605, -0.1233521, 1.999939
-0.009216309, 0.2585449, 1.095642
0.003540039, -0.08990479, 0.1350708
0.01947021, -0.1032715, 0.119751
-0.1470947, 0.1808472, 1.169189
0.02270508, -0.2258911, 1.905518
-0.04193115, 0.08728027, 1.305054
0.009277344, -0.02545166, 0.4923096
0.05633545, -0.1459351, 0.08288574
-0.05853271, -0.1398315, 0.9788208
0.208252, -0.04675293, 1.269714
0.05706787, 0.08062744, 0.8991089
-0.001953125, -0.03125, 0.9655151
-0.002868652, -0.03857422, 0.9674683
-0.01599121, -0.02996826, 0.9642334
-0.0880127, -0.0513916, 0.9657593
-0.005493164, -0.02978516, 0.9651489
-0.002197266, -0.03198242, 0.9689941
-0.002929688, -0.03039551, 0.9682007
0.3391724, -0.04925537, 0.9783936
-0.01190186, -0.1661987, 0.9647217
-0.3780518, -0.04602051, 0.9364014
0.004516602, -0.03283691, 0.9688721
-0.008056641, -0.03521729, 0.9662476
-0.003051758, -0.03442383, 0.9712524
-0.004577637, -0.03527832, 0.9667358
-0.004089355, -0.03302002, 0.9696655
-0.004638672, -0.03204346, 0.9672241
-0.003173828, -0.03363037, 0.9669189
-0.004211426, -0.03411865, 0.9692383
-0.003967285, -0.03338623, 0.9665527
-0.01037598, -0.04064941, 0.9672852
-0.01141357, -0.0345459, 0.9678345
-0.01550293, -0.04748535, 0.9707031
-0.02124023, -0.03961182, 0.9679565
-0.01434326, -0.04748535, 0.9659424
-0.04174805, -0.04016113, 0.9632568
-0.06066895, -0.03503418, 0.9619751
-0.03393555, -0.03125, 0.9664917
0.02709961, -0.04364014, 0.9683838
0.06719971, -0.0333252, 0.9671631
0.07696533, -0.03668213, 0.9672852
0.05059814, -0.03741455, 0.9684448
-0.006652832, -0.03295898, 0.96875
-0.005371094, -0.03387451, 0.9663696
-0.00579834, -0.0355835, 0.9661255
-0.006835938, -0.03417969, 0.9700317
-0.004943848, -0.03289795, 0.9673462
-0.002746582, -0.03271484, 0.9668579
0.01434326, -0.02868652, 0.9663086
0.00201416, -0.03857422, 0.9673462
0.03814697, -0.03204346, 0.9702148
0.0680542, -0.02606201, 0.9674683
0.02990723, -0.03509521, 0.9724121
0.0534668, -0.02929688, 0.9755249
0.0001220703, -0.02868652, 0.9672241
-0.1295776, -0.03106689, 0.9658203
-0.1462402, -0.06396484, 0.9569702
-0.08575439, -0.04528809, 0.963501
-0.01263428, -0.03137207, 0.9682617
-0.009460449, -0.03381348, 0.96698
-0.00970459, -0.03161621, 0.9656982
-0.008544922, -0.034729, 0.9692383
-0.008117676, -0.03424072, 0.9645996
-0.008117676, -0.03149414, 0.9689331
-0.04046631, -0.01483154, 0.9665527
-0.008789063, -0.04528809, 0.9677124
-0.01153564, -0.03948975, 0.965332
-0.09667969, -0.001281738, 0.9606323
-0.08319092, -0.0435791, 0.9661865
-0.117981, -0.03137207, 0.9638062
-0.1026001, -0.06604004, 0.960144
0.1300049, -0.03552246, 0.968811
0.1895142, 0.0078125, 0.972229
0.1165771, -0.01043701, 0.9705811
-0.007080078, -0.03588867, 0.9660645
-0.008117676, -0.04034424, 0.9685669
-0.02325439, -0.03741455, 0.96521
-0.1386108, -0.02288818, 0.9672241
0.1581421, -0.01245117, 0.9764404
0.001831055, -0.03515625, 0.9647217
0.007080078, -0.03088379, 0.9661255
0.005187988, -0.03149414, 0.9668579
0.003173828, -0.03283691, 0.9673462
0.00378418, -0.03424072, 0.9658813
0.003356934, -0.03204346, 0.967041
0.002807617, -0.03375244, 0.9673462
0.001342773, -0.03118896, 0.9690552
0.001403809, -0.03088379, 0.9661255
0.004150391, -0.03607178, 0.9697876
0.0009765625, -0.03363037, 0.9677734